[gd_scene load_steps=2 format=3 uid="uid://bp1xfl2mm816k"]

[sub_resource type="BoxMesh" id="BoxMesh_22sp0"]

[node name="Main" type="Node3D"]

[node name="Camera3D" type="Camera3D" parent="."]
transform = Transform3D(1, 0, 0, 0, 0.866025, 0.5, 0, -0.5, 0.866025, 0, 0.972263, 2.00143)

[node name="MeshInstance3D" type="MeshInstance3D" parent="."]
transform = Transform3D(0.881353, 0, -0.472458, -0.12606, 0.963747, -0.235161, 0.45533, 0.266818, 0.849401, 0, 0, 0)
mesh = SubResource("BoxMesh_22sp0")

[node name="DirectionalLight3D" type="DirectionalLight3D" parent="."]
transform = Transform3D(0.707107, 0, -0.707107, 0.183013, 0.965926, 0.183013, 0.683013, -0.258819, 0.683013, -2, 1, 2)
